[('1A', 'SB'), ('1A', 'NB'), ('2A', 'NB'), ('2A', 'SB'), ('3A', 'SB'), ('3A', 'NB')]
[[59, 5, 76, 86, 122, 36, 74, 94, 50, 24, 43, 125], [125, 43, 24, 50, 94, 74, 36, 122, 86, 76, 5, 59], [18, 78, 2, 113, 25, 73, 19, 24, 50, 94, 42, 1, 51, 96, 13, 17, 128, 4, 121], [121, 4, 128, 17, 13, 96, 51, 1, 42, 94, 50, 24, 19, 73, 25, 113, 2, 78, 18], [71, 36, 35, 123, 130, 44, 42, 139, 91, 32, 102, 92, 63, 125], [125, 63, 92, 102, 32, 91, 139, 42, 44, 130, 123, 35, 36, 71]]

{(3, 4, 42), (3, 5, 42), (0, 3, 94), (0, 4, 36), (1, 3, 24), (2, 4, 42), (0, 3, 50), (0, 5, 36), (0, 3, 24)}
{3: {42: {4: 2, 5: 2}}, 0: {94: {3: 2}, 36: {4: 2, 5: 2}, 50: {3: 2}, 24: {3: 2}}, 1: {24: {3: 2}}, 2: {42: {4: 2}}}

[[[0, 4], [36], 76, 44], [[3, 5], [42], 4, 123], [[2, 4], [42], 18, 32], [[0, 4], [36], 5, 123], [[3, 4], [42], 4, 125], [[3, 5], [42], 128, 123], [[3, 5], [42], 51, 44], [[0, 3], [24], 74, 78], [[3, 4], [42], 96, 63], [[0, 4], [36], 122, 42], [[3, 4], [42], 1, 91], [[0, 4], [36], 5, 35], [[0, 4], [36], 59, 32], [[0, 5], [36], 76, 71], [[0, 3], [50], 5, 19], [[0, 4], [36], 76, 92], [[3, 4], [42], 96, 102], [[0, 3], [24], 86, 113], [[3, 4], [42], 96, 92], [[0, 3], [24], 74, 113],]
[2, 6, 11, 17, 17, 20, 22, 29, 32, 34, 37, 40, 42, 44, 46, 47, 50, 52, 53, 59, 59]
[{59: 2, 5: 2, 76: 9, 86: 2, 122: 4, 36: 2, 74: 4, 94: 2, 50: 2, 24: 6, 43: 6}, {125: 6, 43: 4, 24: 4, 50: 2, 94: 4, 74: 2, 36: 4, 122: 2, 86: 8, 76: 2, 5: 2}, {18: 2, 78: 4, 2: 1, 113: 1, 25: 2, 73: 2, 19: 2, 24: 2, 50: 2, 94: 8, 42: 4, 1: 4, 51: 1, 96: 2, 13: 4, 17: 2, 128: 6, 4: 2}, {121: 2, 4: 6, 128: 2, 17: 2, 13: 2, 96: 2, 51: 4, 1: 4, 42: 6, 94: 4, 50: 2, 24: 2, 19: 2, 73: 4, 25: 1, 113: 2, 2: 2, 78: 2}, {71: 8, 36: 2, 35: 2, 123: 2, 130: 2, 44: 4, 42: 2, 139: 1, 91: 3, 32: 2, 102: 2, 92: 2, 63: 2}, {125: 1, 63: 1, 92: 2, 102: 2, 32: 2, 91: 2, 139: 1, 42: 5, 44: 2, 130: 1, 123: 1, 35: 2, 36: 6}]

[35.75, 46.75, 53.75, 48.75, 63.75, 54.75, 45.75, 60.75, 64.75, 60.75, 54.75, 69.75, 89.75, 75.75, 85.75, 94.75, 78.75, 87.75, 83.75, 86.75]
