[('1A', 'SB'), ('1A', 'NB'), ('2A', 'NB'), ('2A', 'SB'), ('3A', 'SB'), ('3A', 'NB')]
[[59, 5, 76, 49, 122, 131, 36, 94, 50, 24, 77, 125, 140], [140, 125, 77, 24, 50, 94, 36, 131, 122, 49, 76, 5, 59], [18, 78, 2, 113, 73, 19, 24, 50, 94, 129, 42, 39, 1, 20, 96, 95, 46, 127, 17, 6, 117, 4, 121], [121, 4, 117, 6, 17, 127, 46, 95, 96, 20, 1, 39, 42, 129, 94, 50, 24, 19, 73, 113, 2, 78, 18], [71, 79, 112, 36, 123, 130, 44, 47, 68, 118, 42, 91, 89, 32, 102, 92, 63, 125, 90], [140, 90, 125, 63, 92, 102, 32, 89, 91, 42, 118, 68, 47, 44, 130, 123, 36, 112, 79, 71]]

{(3, 4, 42), (3, 5, 42), (0, 3, 94), (0, 4, 36), (1, 3, 24), (1, 4, 125), (0, 3, 24), (2, 4, 42), (0, 3, 50), (0, 5, 36)}
{3: {42: {4: 2, 5: 2}}, 0: {94: {3: 2}, 36: {4: 2, 5: 2}, 24: {3: 2}, 50: {3: 2}}, 1: {24: {3: 2}, 125: {4: 2}}, 2: {42: {4: 2}}}

[[[0, 5], [36], 76, 71], [[3, 5], [42], 121, 44], [[0, 4], [36], 59, 32], [[0, 4], [36], 76, 91], [[0, 4], [36], 59, 68], [[0, 4], [36], 76, 92], [[3, 4], [42], 121, 63], [[0, 4], [36], 131, 92], [[0, 3], [50], 59, 2], [[0, 3], [50], 59, 18], [[0, 3], [94], 59, 113], [[3, 4], [42], 127, 125], [[3, 4], [42], 4, 92], [[0, 4], [36], 5, 123], [[3, 5], [42], 17, 47], [[3, 5], [42], 1, 123], [[3, 4], [42], 1, 92], [[3, 5], [42], 17, 123], [[3, 5], [42], 1, 112], [[1, 3], [24], 77, 78], [[3, 4], [42], 46, 125]]
[4, 9, 9, 9, 11, 12, 13, 17, 23, 24, 25, 26, 37, 37, 39, 43, 46, 47, 48, 55, 57, 58]
[{59: 2, 5: 2, 76: 6, 49: 6, 122: 1, 131: 3, 36: 6, 94: 2, 50: 2, 24: 8, 77: 2, 125: 2}, {140: 3, 125: 2, 77: 8, 24: 4, 50: 2, 94: 6, 36: 4, 131: 2, 122: 4, 49: 6, 76: 2, 5: 2}, {18: 2, 78: 4, 2: 1, 113: 3, 73: 2, 19: 2, 24: 2, 50: 2, 94: 6, 129: 2, 42: 4, 39: 1, 1: 3, 20: 2, 96: 2, 95: 2, 46: 2, 127: 2, 17: 2, 6: 4, 117: 4, 4: 2}, {121: 2, 4: 4, 117: 4, 6: 2, 17: 1, 127: 1, 46: 2, 95: 2, 96: 2, 20: 2, 1: 2, 39: 2, 42: 4, 129: 2, 94: 4, 50: 2, 24: 2, 19: 2, 73: 4, 113: 2, 2: 2, 78: 2}, {71: 2, 79: 3, 112: 4, 36: 2, 123: 2, 130: 2, 44: 1, 47: 1, 68: 2, 118: 2, 42: 2, 91: 1, 89: 2, 32: 2, 102: 2, 92: 2, 63: 2, 125: 2}, {140: 2, 90: 2, 125: 1, 63: 1, 92: 2, 102: 2, 32: 2, 89: 2, 91: 2, 42: 2, 118: 2, 68: 2, 47: 2, 44: 2, 130: 1, 123: 3, 36: 2, 112: 2, 79: 3}]

[37.75, 53.75, 56.75, 49.75, 49.75, 59.75, 60.75, 51.75, 73.75, 78.75, 75.75, 62.75, 80.75, 67.75, 69.75, 68.75, 69.75, 82.75, 78.75, 85.75, 92.75]
