[('1A', 'SB'), ('1A', 'NB'), ('2A', 'NB'), ('2A', 'SB'), ('3A', 'SB'), ('3A', 'NB')]
[[59, 5, 76, 49, 134, 40, 122, 36, 94, 50, 24, 125], [125, 24, 50, 94, 36, 122, 40, 134, 49, 76, 5, 59], [18, 2, 113, 73, 24, 50, 94, 129, 42, 39, 1, 81, 20, 51, 96, 95, 46, 127, 6, 128, 117, 4, 121], [121, 4, 117, 128, 6, 127, 46, 95, 96, 51, 20, 81, 1, 39, 42, 129, 94, 50, 24, 73, 113, 2, 18], [71, 112, 36, 35, 123, 130, 44, 47, 42, 91, 89, 32, 102, 92, 125, 54], [54, 125, 92, 102, 32, 89, 91, 42, 47, 44, 130, 123, 35, 36, 112, 110, 71]]

{(3, 4, 42), (3, 5, 42), (0, 3, 94), (0, 4, 36), (0, 3, 24), (2, 4, 42), (0, 3, 50), (0, 5, 36)}
{3: {42: {4: 2, 5: 2}}, 0: {94: {3: 2}, 36: {4: 2, 5: 2}, 24: {3: 2}, 50: {3: 2}}, 2: {42: {4: 2}}}

[[[3, 4], [42], 4, 32], [[3, 4], [42], 121, 125], [[0, 5], [36], 76, 71], [[3, 5], [42], 128, 35], [[0, 4], [36], 49, 91], [[3, 5], [42], 6, 123], [[0, 3], [50], 59, 2], [[0, 4], [36], 40, 35], [[0, 4], [36], 134, 44], [[0, 4], [36], 59, 91], [[3, 5], [42], 127, 130], [[0, 4], [36], 59, 44], [[3, 4], [42], 20, 91], [[0, 4], [36], 49, 130], [[0, 3], [50], 122, 73], [[0, 4], [36], 76, 102], [[0, 4], [36], 59, 92], [[0, 3], [24], 5, 73], [[3, 4], [42], 51, 89], [[0, 4], [36], 134, 44], [[3, 4], [42], 20, 92], [[3, 4], [42], 46, 102], [[3, 5], [42], 127, 44], [[3, 5], [42], 20, 130], [[3, 4], [42], 51, 92]]
[2, 5, 10, 15, 16, 17, 18, 18, 20, 23, 25, 26, 31, 32, 32, 34, 35, 37, 39, 42, 45, 46, 46, 47, 53]
[{59: 2, 5: 2, 76: 6, 49: 1, 134: 2, 40: 4, 122: 4, 36: 6, 94: 2, 50: 2, 24: 10}, {125: 10, 24: 4, 50: 2, 94: 6, 36: 4, 122: 3, 40: 1, 134: 2, 49: 6, 76: 2, 5: 2}, {18: 6, 2: 1, 113: 3, 73: 4, 24: 2, 50: 2, 94: 6, 129: 2, 42: 4, 39: 1, 1: 1, 81: 2, 20: 2, 51: 1, 96: 2, 95: 2, 46: 2, 127: 2, 6: 2, 128: 2, 117: 4, 4: 2}, {121: 2, 4: 4, 117: 4, 128: 2, 6: 2, 127: 1, 46: 2, 95: 2, 96: 2, 51: 2, 20: 1, 81: 2, 1: 2, 39: 2, 42: 4, 129: 2, 94: 4, 50: 2, 24: 2, 73: 4, 113: 2, 2: 4}, {71: 4, 112: 4, 36: 2, 35: 2, 123: 2, 130: 2, 44: 1, 47: 3, 42: 2, 91: 1, 89: 2, 32: 2, 102: 2, 92: 4, 125: 2}, {54: 2, 125: 2, 92: 2, 102: 2, 32: 2, 89: 2, 91: 2, 42: 4, 47: 2, 44: 2, 130: 1, 123: 1, 35: 2, 36: 2, 112: 2, 110: 2}]

[45.75, 58.75, 43.75, 55.75, 51.75, 54.75, 67.75, 38.75, 48.75, 68.75, 59.75, 65.75, 50.75, 59.75, 58.75, 80.75, 87.75, 78.75, 61.75, 70.75, 71.75, 78.75, 78.75, 72.75, 81.75]
