[('1A', 'SB'), ('1A', 'NB'), ('2A', 'NB'), ('2A', 'SB'), ('3A', 'SB'), ('3A', 'NB')]
[[59, 5, 76, 136, 49, 134, 40, 122, 36, 94, 50, 24, 125, 48], [48, 125, 24, 50, 94, 36, 122, 40, 134, 49, 136, 76, 5, 59], [18, 78, 2, 25, 73, 19, 24, 50, 94, 129, 42, 39, 1, 81, 20, 51, 96, 13, 127, 6, 117, 45], [45, 117, 6, 127, 13, 96, 51, 20, 81, 1, 39, 42, 129, 94, 50, 24, 19, 73, 25, 2, 78, 18], [79, 112, 36, 35, 123, 130, 44, 42, 89, 32, 102, 92, 125, 105], [105, 125, 92, 102, 32, 89, 42, 44, 130, 123, 35, 36, 112, 79, 110]]

{(3, 4, 42), (3, 5, 42), (0, 3, 94), (0, 4, 36), (1, 4, 125), (0, 3, 24), (2, 5, 42), (0, 3, 50), (0, 5, 36)}
{3: {42: {4: 2, 5: 2}}, 0: {94: {3: 2}, 36: {4: 2, 5: 2}, 24: {3: 2}, 50: {3: 2}}, 1: {125: {4: 2}}, 2: {42: {5: 2}}}

[[[3, 5], [42], 45, 44], [[0, 4], [36], 59, 32], [[0, 5], [36], 76, 110], [[0, 4], [36], 5, 89], [[0, 4], [36], 76, 92], [[0, 3], [50], 136, 2], [[3, 4], [42], 117, 102], [[0, 4], [36], 134, 35], [[3, 5], [42], 117, 35], [[2, 5], [42], 18, 36], [[0, 4], [36], 40, 123], [[0, 4], [36], 59, 130], [[0, 4], [36], 76, 102], [[0, 3], [24], 59, 25], [[3, 4], [42], 127, 125], [[0, 3], [24], 122, 78], [[3, 5], [42], 6, 36], [[0, 3], [24], 59, 25], [[0, 4], [36], 40, 102], [[3, 4], [42], 20, 125], [[0, 3], [24], 49, 19], [[0, 3], [50], 122, 2], [[3, 4], [42], 1, 89]]
[1, 2, 4, 6, 6, 9, 10, 12, 12, 14, 15, 15, 17, 19, 20, 24, 26, 27, 28, 30, 34, 47, 55, 114, 116]
[{59: 2, 5: 2, 76: 4, 136: 2, 49: 1, 134: 2, 40: 4, 122: 4, 36: 6, 94: 2, 50: 2, 24: 10, 125: 6}, {48: 8, 125: 10, 24: 4, 50: 2, 94: 6, 36: 4, 122: 3, 40: 1, 134: 2, 49: 4, 136: 2, 76: 2, 5: 2}, {18: 2, 78: 4, 2: 2, 25: 2, 73: 2, 19: 2, 24: 2, 50: 2, 94: 6, 129: 2, 42: 4, 39: 1, 1: 1, 81: 2, 20: 2, 51: 1, 96: 2, 13: 2, 127: 2, 6: 4, 117: 4}, {45: 4, 117: 4, 6: 2, 127: 2, 13: 2, 96: 2, 51: 2, 20: 1, 81: 2, 1: 2, 39: 2, 42: 4, 129: 2, 94: 4, 50: 2, 24: 2, 19: 2, 73: 4, 25: 2, 2: 2, 78: 2}, {79: 3, 112: 4, 36: 2, 35: 2, 123: 2, 130: 2, 44: 4, 42: 2, 89: 2, 32: 2, 102: 2, 92: 4, 125: 2}, {105: 3, 125: 2, 92: 2, 102: 2, 32: 2, 89: 3, 42: 5, 44: 2, 130: 1, 123: 1, 35: 2, 36: 2, 112: 2, 79: 1}]

[41.75, 49.75, 36.75, 49.75, 53.75, 52.75, 47.75, 34.75, 52.75, 61.75, 37.75, 52.75, 62.75, 68.75, 57.75, 60.75, 64.75, 76.75, 64.75, 59.75, 67.75, 81.75, 71.75]
