[('1A', 'SB'), ('1A', 'NB'), ('2A', 'NB'), ('2A', 'SB'), ('3A', 'SB'), ('3A', 'NB')]
[[59, 5, 76, 49, 134, 86, 122, 131, 132, 36, 30, 94, 50, 24, 125], [125, 24, 50, 94, 30, 36, 131, 122, 86, 134, 49, 76, 5, 59], [78, 113, 73, 19, 24, 50, 94, 42, 39, 1, 81, 20, 51, 96, 13, 46, 127, 6, 128, 57, 117, 4, 45, 121], [121, 45, 4, 117, 57, 128, 6, 127, 46, 13, 96, 51, 20, 81, 1, 39, 42, 94, 50, 24, 19, 73, 113, 78, 87], [71, 112, 36, 35, 123, 130, 44, 47, 68, 42, 91, 89, 32, 102, 92, 125, 90], [90, 125, 92, 102, 32, 89, 91, 42, 68, 47, 44, 130, 123, 35, 36, 112, 110, 71]]

{(3, 4, 42), (3, 5, 42), (0, 2, 94), (0, 3, 94), (0, 4, 36), (0, 3, 50), (0, 5, 36), (0, 3, 24)}
{3: {42: {4: 2, 5: 2}}, 0: {94: {2: 2, 3: 2}, 36: {4: 2, 5: 2}, 50: {3: 2}, 24: {3: 2}}}

[[[3, 4], [42], 121, 92], [[0, 3], [24], 59, 73], [[3, 4], [42], 117, 92], [[0, 3], [50], 76, 78], [[3, 4], [42], 4, 32], [[0, 3], [50], 134, 78], [[0, 4], [36], 59, 91], [[3, 4], [42], 57, 92], [[0, 4], [36], 49, 130], [[0, 3], [94], 59, 24], [[3, 4], [42], 46, 125], [[3, 4], [42], 46, 125], [[3, 5], [42], 45, 44], [[3, 5], [42], 128, 47], [[0, 3], [50], 86, 73], [[0, 4], [36], 131, 32], [[3, 5], [42], 6, 35], [[3, 5], [42], 20, 68], [[3, 4], [42], 39, 92], [[3, 5], [42], 13, 130], [[3, 4], [42], 127, 125], [[0, 3], [24], 59, 87], [[3, 4], [42], 39, 92], [[0, 4], [36], 122, 42], [[0, 3], [50], 132, 113], [[3, 4], [42], 1, 102]]
[1, 2, 5, 11, 12, 12, 13, 13, 13, 15, 18, 20, 20, 24, 25, 25, 26, 31, 31, 36, 36, 38, 41, 43, 45, 46, 57]
[{59: 2, 5: 2, 76: 6, 49: 1, 134: 4, 86: 2, 122: 1, 131: 2, 132: 2, 36: 4, 30: 2, 94: 2, 50: 2, 24: 10}, {125: 10, 24: 4, 50: 2, 94: 2, 30: 4, 36: 4, 131: 2, 122: 2, 86: 2, 134: 2, 49: 6, 76: 2, 5: 2}, {78: 4, 113: 3, 73: 2, 19: 2, 24: 2, 50: 2, 94: 8, 42: 4, 39: 1, 1: 1, 81: 2, 20: 2, 51: 1, 96: 2, 13: 1, 46: 2, 127: 2, 6: 2, 128: 1, 57: 2, 117: 4, 4: 2, 45: 2}, {121: 1, 45: 1, 4: 4, 117: 2, 57: 2, 128: 2, 6: 2, 127: 1, 46: 2, 13: 2, 96: 2, 51: 2, 20: 1, 81: 2, 1: 2, 39: 2, 42: 6, 94: 4, 50: 2, 24: 2, 19: 2, 73: 4, 113: 3, 78: 8}, {71: 4, 112: 4, 36: 2, 35: 2, 123: 2, 130: 2, 44: 1, 47: 1, 68: 2, 42: 2, 91: 1, 89: 2, 32: 2, 102: 2, 92: 4, 125: 2}, {90: 2, 125: 2, 92: 2, 102: 2, 32: 2, 89: 2, 91: 2, 42: 3, 68: 2, 47: 2, 44: 2, 130: 1, 123: 1, 35: 2, 36: 2, 112: 2, 110: 2}]

[50.75, 48.75, 48.75, 60.75, 55.75, 54.75, 59.75, 54.75, 41.75, 59.75, 56.75, 58.75, 66.75, 59.75, 56.75, 56.75, 65.75, 51.75, 52.75, 68.75, 75.75, 99.75, 62.75, 70.75, 75.75, 67.75]
