[('1A', 'SB'), ('1A', 'NB'), ('2A', 'NB'), ('2A', 'SB'), ('3A', 'SB'), ('3A', 'NB')]
[[59, 5, 76, 134, 40, 86, 122, 36, 30, 94, 50, 24, 125, 140], [140, 125, 24, 50, 94, 30, 36, 122, 86, 40, 134, 76, 5, 59], [55, 78, 2, 25, 73, 24, 50, 94, 42, 39, 1, 20, 51, 96, 95, 13, 46, 127, 6, 4], [4, 6, 127, 46, 13, 95, 96, 51, 20, 1, 39, 42, 94, 50, 24, 73, 25, 2, 78, 55], [71, 53, 112, 36, 35, 123, 130, 44, 47, 68, 118, 42, 91, 89, 32, 102, 92, 125, 90], [140, 90, 125, 92, 102, 32, 89, 91, 42, 118, 68, 47, 44, 130, 123, 35, 36, 112, 53, 71]]

{(3, 4, 42), (3, 5, 42), (0, 3, 94), (0, 4, 36), (1, 3, 24), (0, 3, 24), (0, 4, 125), (0, 3, 50), (0, 5, 36)}
{3: {42: {4: 2, 5: 2}}, 0: {94: {3: 2}, 36: {4: 2, 5: 2}, 24: {3: 2}, 125: {4: 2}, 50: {3: 2}}, 1: {24: {3: 2}}}

[[[0, 4], [36], 59, 68], [[0, 3], [24], 59, 2], [[0, 4], [36], 5, 130], [[0, 3], [94], 76, 25], [[0, 4], [36], 59, 91], [[0, 4], [36], 59, 91], [[0, 4], [36], 76, 42], [[0, 4], [36], 76, 68], [[0, 4], [36], 76, 92], [[0, 5], [36], 76, 71], [[0, 3], [24], 86, 73], [[0, 4], [36], 5, 118], [[3, 5], [42], 6, 130], [[3, 4], [42], 13, 125], [[0, 3], [50], 5, 2], [[0, 3], [94], 122, 78], [[3, 5], [42], 4, 123], [[3, 5], [42], 1, 130], [[0, 3], [50], 122, 2], [[3, 4], [42], 96, 102]]
[3, 4, 5, 5, 6, 8, 8, 9, 12, 13, 18, 20, 23, 28, 29, 33, 37, 39, 46, 56]
[{59: 2, 5: 2, 76: 6, 134: 2, 40: 2, 86: 2, 122: 4, 36: 4, 30: 2, 94: 2, 50: 2, 24: 10, 125: 2}, {140: 3, 125: 10, 24: 4, 50: 2, 94: 2, 30: 4, 36: 4, 122: 2, 86: 2, 40: 1, 134: 6, 76: 2, 5: 2}, {55: 2, 78: 4, 2: 2, 25: 2, 73: 4, 24: 2, 50: 2, 94: 8, 42: 4, 39: 1, 1: 3, 20: 2, 51: 1, 96: 2, 95: 1, 13: 1, 46: 2, 127: 2, 6: 6}, {4: 8, 6: 2, 127: 1, 46: 2, 13: 2, 95: 2, 96: 2, 51: 2, 20: 2, 1: 2, 39: 2, 42: 6, 94: 4, 50: 2, 24: 2, 73: 4, 25: 2, 2: 2, 78: 2}, {71: 4, 53: 2, 112: 4, 36: 2, 35: 2, 123: 2, 130: 2, 44: 1, 47: 1, 68: 2, 118: 2, 42: 2, 91: 1, 89: 2, 32: 2, 102: 2, 92: 4, 125: 2}, {140: 2, 90: 2, 125: 2, 92: 2, 102: 2, 32: 2, 89: 2, 91: 2, 42: 2, 118: 2, 68: 2, 47: 2, 44: 2, 130: 1, 123: 1, 35: 2, 36: 2, 112: 2, 53: 4}]

[43.75, 52.75, 39.75, 49.75, 52.75, 54.75, 48.75, 45.75, 61.75, 47.75, 46.75, 60.75, 62.75, 65.75, 75.75, 69.75, 85.75, 63.75, 78.75, 83.75]
