[('1A', 'SB'), ('1A', 'NB'), ('2A', 'NB'), ('2A', 'SB'), ('3A', 'SB'), ('3A', 'NB')]
[[59, 5, 76, 136, 49, 40, 122, 36, 30, 94, 50, 24, 43, 142, 77, 125, 140, 48], [48, 140, 125, 77, 142, 43, 24, 50, 94, 30, 36, 122, 40, 49, 136, 76, 5, 59], [18, 55, 2, 113, 73, 24, 50, 94, 42, 39, 1, 81, 20, 51, 96, 46, 127, 6, 121], [121, 6, 127, 46, 96, 51, 20, 81, 1, 39, 42, 94, 50, 24, 73, 113, 2, 55, 18], [71, 112, 36, 123, 130, 44, 42, 139, 91, 32, 102, 92, 63, 125, 90, 54], [140, 54, 90, 125, 63, 92, 102, 32, 91, 139, 42, 44, 130, 123, 36, 112, 71]]

{(3, 4, 42), (3, 5, 42), (0, 3, 94), (0, 4, 36), (1, 3, 24), (0, 5, 125), (1, 5, 125), (0, 4, 125), (0, 3, 50), (0, 5, 36), (0, 3, 24)}
{3: {42: {4: 2, 5: 2}}, 0: {94: {3: 2}, 36: {4: 2, 5: 2}, 125: {5: 2, 4: 2}, 50: {3: 2}, 24: {3: 2}}, 1: {24: {3: 2}, 125: {5: 2}}}

[[[0, 3], [94], 59, 2], [[0, 4], [36], 76, 102], [[3, 5], [42], 121, 44], [[0, 4], [36], 59, 44], [[0, 4], [36], 5, 139], [[0, 3], [24], 76, 73], [[0, 4], [36], 40, 123], [[0, 4], [36], 76, 91], [[3, 4], [42], 127, 125], [[3, 4], [42], 96, 125], [[0, 4], [36], 5, 139], [[0, 4], [36], 40, 92], [[3, 4], [42], 20, 63], [[3, 5], [42], 127, 123], [[3, 4], [42], 20, 125], [[0, 3], [24], 136, 73], [[0, 3], [24], 30, 55]]
[4, 4, 5, 7, 11, 11, 11, 11, 16, 16, 26, 33, 33, 45, 45, 47, 51, 52, 53]
[{59: 2, 5: 2, 76: 4, 136: 2, 49: 2, 40: 4, 122: 4, 36: 4, 30: 2, 94: 2, 50: 2, 24: 6, 43: 2, 142: 2, 77: 2, 125: 2, 140: 6}, {48: 6, 140: 3, 125: 2, 77: 2, 142: 2, 43: 4, 24: 4, 50: 2, 94: 2, 30: 4, 36: 4, 122: 3, 40: 2, 49: 4, 136: 2, 76: 2, 5: 2}, {18: 2, 55: 4, 2: 1, 113: 3, 73: 4, 24: 2, 50: 2, 94: 8, 42: 4, 39: 1, 1: 1, 81: 2, 20: 2, 51: 1, 96: 2, 46: 2, 127: 2, 6: 8}, {121: 8, 6: 2, 127: 1, 46: 4, 96: 2, 51: 2, 20: 1, 81: 2, 1: 2, 39: 2, 42: 6, 94: 4, 50: 2, 24: 2, 73: 4, 113: 2, 2: 2, 55: 2}, {71: 4, 112: 4, 36: 2, 123: 2, 130: 2, 44: 4, 42: 2, 139: 1, 91: 3, 32: 2, 102: 2, 92: 2, 63: 2, 125: 2, 90: 1}, {140: 2, 54: 1, 90: 2, 125: 1, 63: 1, 92: 2, 102: 2, 32: 2, 91: 2, 139: 1, 42: 5, 44: 2, 130: 1, 123: 3, 36: 2, 112: 4}]

[54.75, 48.75, 46.75, 43.75, 51.75, 49.75, 31.75, 50.75, 56.75, 51.75, 66.75, 71.75, 62.75, 79.75, 76.75, 81.75, 77.75]
