[('1A', 'SB'), ('1A', 'NB'), ('2A', 'NB'), ('2A', 'SB'), ('3A', 'SB'), ('3A', 'NB')]
[[59, 5, 76, 136, 134, 40, 122, 36, 74, 94, 50, 24, 77, 125, 83], [83, 125, 77, 24, 50, 94, 74, 36, 122, 40, 134, 136, 76, 5, 59], [18, 2, 113, 73, 24, 50, 94, 42, 39, 1, 81, 20, 51, 96, 13, 46, 127, 121], [121, 127, 46, 13, 96, 51, 20, 81, 1, 39, 42, 94, 50, 24, 73, 113, 2, 18], [71, 53, 112, 36, 123, 130, 44, 47, 42, 89, 32, 102, 92, 63, 125], [125, 63, 92, 102, 32, 89, 42, 47, 44, 130, 123, 36, 112, 53, 110, 71]]

{(3, 4, 42), (3, 5, 42), (0, 3, 94), (0, 4, 36), (1, 3, 24), (1, 5, 36), (1, 5, 125), (2, 4, 42), (0, 3, 50), (0, 5, 36), (0, 3, 24)}
{3: {42: {4: 4, 5: 4}}, 0: {94: {3: 4}, 36: {4: 4, 5: 4}, 50: {3: 4}, 24: {3: 4}}, 1: {24: {3: 4}, 36: {5: 4}, 125: {5: 4}}, 2: {42: {4: 4}}}

[[[0, 4], [36], 76, 130], [[2, 4], [42], 18, 32], [[0, 4], [36], 136, 130], [[0, 4], [36], 76, 92], [[3, 4], [42], 121, 125], [[0, 4], [36], 40, 130], [[3, 4], [42], 127, 125], [[0, 4], [36], 134, 123], [[3, 5], [42], 13, 130], [[0, 3], [94], 122, 94], [[3, 5], [42], 46, 123], [[0, 3], [24], 74, 73], [[3, 4], [42], 127, 125], [[3, 4], [42], 39, 102], [[3, 5], [42], 96, 112], [[3, 4], [42], 1, 125], [[3, 4], [42], 127, 125], [[3, 5], [42], 127, 44], [[3, 4], [42], 20, 92], [[3, 4], [42], 20, 92], [[3, 4], [42], 1, 92], [[0, 3], [24], 74, 73]]
[3, 5, 8, 11, 12, 17, 21, 26, 26, 27, 29, 30, 34, 40, 43, 43, 46, 52, 54, 58, 58, 58, 59]
[{59: 2, 5: 2, 76: 4, 136: 3, 134: 2, 40: 4, 122: 4, 36: 2, 74: 4, 94: 2, 50: 2, 24: 8, 77: 2, 125: 4}, {83: 5, 125: 2, 77: 8, 24: 4, 50: 2, 94: 4, 74: 2, 36: 4, 122: 3, 40: 1, 134: 4, 136: 2, 76: 2, 5: 2}, {18: 6, 2: 1, 113: 3, 73: 4, 24: 2, 50: 2, 94: 8, 42: 4, 39: 1, 1: 1, 81: 2, 20: 2, 51: 1, 96: 2, 13: 1, 46: 2, 127: 10}, {121: 10, 127: 1, 46: 2, 13: 2, 96: 2, 51: 2, 20: 1, 81: 2, 1: 2, 39: 2, 42: 6, 94: 4, 50: 2, 24: 2, 73: 4, 113: 2, 2: 4}, {71: 4, 53: 2, 112: 4, 36: 2, 123: 2, 130: 2, 44: 1, 47: 3, 42: 2, 89: 2, 32: 2, 102: 2, 92: 2, 63: 2}, {125: 1, 63: 1, 92: 2, 102: 2, 32: 2, 89: 3, 42: 4, 47: 2, 44: 2, 130: 1, 123: 3, 36: 2, 112: 2, 53: 2, 110: 2}]

[36.75, 47.75, 37.75, 58.75, 62.75, 41.75, 61.75, 50.75, 59.75, 49.75, 65.75, 52.75, 74.75, 60.75, 80.75, 71.75, 86.75, 86.75, 81.75, 85.75, 82.75, 80.75]
